GraphSage Test Result:


Graph: DBLP_test. Budget: 100. Fixed graph size: 1250. Number of nodes: 317020. Number of edges: 1048172
Average ratio was 0.0723, standard error was 0.0034034798459903217
Average number of nodes in final in subgraphs: 5142.333333333333 (45.36845045068541). This is a reduction of 98.37791516833848%
Average number of edges in final in subgraphs: 3939.3333333333335 (45.36845045068541). This is a reduction of 99.62417109660119%

-------------------------------------------------------------------------------------------------------------
Training GAT:
starting episode 90
100
200
300
400
500
600
700
800
900
1000
1100
1200
1300
1400
1500
1600
1700
1800
1900
2000
2100
2200
2300
2400
2500
2600
2700
2800
2900
3000
3100
3200
3300
3400
3500
3600
3700
3800
3900
4000
4100
4200
4300
4400
4500
4600
4700
4800
4900
5000
5100
5200
5300
5400
5500
5600
5700
5800
5900
6000
6100
6200
6300
6400
6500
6600
6700
6800
6900
7000
7100
7200
7300
7400
7500
Exploration rate currently at 0.056
final distance of 0.23183652758598328
Ratio of 0.964, sum of rewards -1877.8272428661585

starting episode 91
100
200
300
400
500
600
700
800
900
1000
1100
1200
1300
1400
1500
1600
1700
1800
1900
2000
2100
2200
2300
2400
2500
2600
2700
2800
2900
3000
3100
3200
3300
3400
3500
3600
3700
3800
3900
4000
4100
4200
4300
4400
4500
4600
4700
4800
4900
5000
5100
5200
5300
5400
5500
5600
5700
5800
5900
6000
6100
6200
6300
6400
6500
6600
6700
6800
6900
7000
7100
7200
7300
7400
7500
Exploration rate currently at 0.055
final distance of 0.23573799431324005
Ratio of 0.911, sum of rewards -1815.2221770137548

starting episode 92
100
200
300
400
500
600
700
800
900
1000
1100
1200
1300
1400
1500
1600
1700
1800
1900
2000
2100
2200
2300
2400
2500
2600
2700
2800
2900
3000
3100
3200
3300
3400
3500
3600
3700
3800
3900
4000
4100
4200
4300
4400
4500
4600
4700
4800
4900
5000
5100
5200
5300
5400
5500
5600
5700
5800
5900
6000
6100
6200
6300
6400
6500
6600
6700
6800
6900
7000
7100
7200
7300
7400
7500
Exploration rate currently at 0.055
final distance of 0.22047962248325348
Ratio of 0.976, sum of rewards -1707.7955373376608

starting episode 93
100
200
300
400
500
600
700
800
900
1000
1100
1200
1300
1400
1500
1600
1700
1800
1900
2000
2100
2200
2300
2400
2500
2600
2700
2800
2900
3000
3100
3200
3300
3400
3500
3600
3700
3800
3900
4000
4100
4200
4300
4400
4500
4600
4700
4800
4900
5000
5100
5200
5300
5400
5500
5600
5700
5800
5900
6000
6100
6200
6300
6400
6500
6600
6700
6800
6900
7000
7100
7200
7300
7400
7500
Exploration rate currently at 0.054
final distance of 0.23124387860298157
Ratio of 0.899, sum of rewards -1853.2461263686419

starting episode 94
100
200
300
400
500
600
700
800
900
1000
1100
1200
1300
1400
1500
1600
1700
1800
1900
2000
2100
2200
2300
2400
2500
2600
2700
2800
2900
3000
3100
3200
3300
3400
3500
3600
3700
3800
3900
4000
4100
4200
4300
4400
4500
4600
4700
4800
4900
5000
5100
5200
5300
5400
5500
5600
5700
5800
5900
6000
6100
6200
6300
6400
6500
6600
6700
6800
6900
7000
7100
7200
7300
7400
7500
Exploration rate currently at 0.054
final distance of 0.21992841362953186
Ratio of 0.976, sum of rewards -1747.6717978715897

starting episode 95
100
200
300
400
500
600
700
800
900
1000
1100
1200
1300
1400
1500
1600
1700
1800
1900
2000
2100
2200
2300
2400
2500
2600
2700
2800
2900
3000
3100
3200
3300
3400
3500
3600
3700
3800
3900
4000
4100
4200
4300
4400
4500
4600
4700
4800
4900
5000
5100
5200
5300
5400
5500
5600
5700
5800
5900
6000
6100
6200
6300
6400
6500
6600
6700
6800
6900
7000
7100
7200
7300
7400
7500
Exploration rate currently at 0.053
final distance of 0.23473286628723145
Ratio of 0.940, sum of rewards -1780.1919948905706

starting episode 96
100
200
300
400
500
600
700
800
900
1000
1100
1200
1300
1400
1500
1600
1700
1800
1900
2000
2100
2200
2300
2400
2500
2600
2700
2800
2900
3000
3100
3200
3300
3400
3500
3600
3700
3800
3900
4000
4100
4200
4300
4400
4500
4600
4700
4800
4900
5000
5100
5200
5300
5400
5500
5600
5700
5800
5900
6000
6100
6200
6300
6400
6500
6600
6700
6800
6900
7000
7100
7200
7300
7400
7500
Exploration rate currently at 0.053
final distance of 0.23164689540863037
Ratio of 0.960, sum of rewards -1843.5527502596378

starting episode 97
100
200
300
400
500
600
700
800
900
1000
1100
1200
1300
1400
1500
1600
1700
1800
1900
2000
2100
2200
2300
2400
2500
2600
2700
2800
2900
3000
3100
3200
3300
3400
3500
3600
3700
3800
3900
4000
4100
4200
4300
4400
4500
4600
4700
4800
4900
5000
5100
5200
5300
5400
5500
5600
5700
5800
5900
6000
6100
6200
6300
6400
6500
6600
6700
6800
6900
7000
7100
7200
7300
7400
7500
Exploration rate currently at 0.052
final distance of 0.22841238975524902
Ratio of 0.970, sum of rewards -1786.1817508488894

starting episode 98
100
200
300
400
500
600
700
800
900
1000
1100
1200
1300
1400
1500
1600
1700
1800
1900
2000
2100
2200
2300
2400
2500
2600
2700
2800
2900
3000
3100
3200
3300
3400
3500
3600
3700
3800
3900
4000
4100
4200
4300
4400
4500
4600
4700
4800
4900
5000
5100
5200
5300
5400
5500
5600
5700
5800
5900
6000
6100
6200
6300
6400
6500
6600
6700
6800
6900
7000
7100
7200
7300
7400
7500
Exploration rate currently at 0.052
final distance of 0.23793384432792664
Ratio of 0.976, sum of rewards -1761.5305035114288

starting episode 99
100
200
300
400
500
600
700
800
900
1000
1100
1200
1300
1400
1500
1600
1700
1800
1900
2000
2100
2200
2300
2400
2500
2600
2700
2800
2900
3000
3100
3200
3300
3400
3500
3600
3700
3800
3900
4000
4100
4200
4300
4400
4500
4600
4700
4800
4900
5000
5100
5200
5300
5400
5500
5600
5700
5800
5900
6000
6100
6200
6300
6400
6500
6600
6700
6800
6900
7000
7100
7200
7300
7400
7500
Exploration rate currently at 0.051
final distance of 0.2208942174911499
Ratio of 0.960, sum of rewards -1728.4971306473017

starting episode 100
100
200
300
400
500
600
700
800
900
1000
1100
1200
1300
1400
1500
1600
1700
1800
1900
2000
2100
2200
2300
2400
2500
2600
2700
2800
2900
3000
3100
3200
3300
3400
3500
3600
3700
3800
3900
4000
4100
4200
4300
4400
4500
4600
4700
4800
4900
5000
5100
5200
5300
5400
5500
5600
5700
5800
5900
6000
6100
6200
6300
6400
6500
6600
6700
6800
6900
7000
7100
7200
7300
7400
7500
Exploration rate currently at 0.051
final distance of 0.218398317694664
Ratio of 0.968, sum of rewards -1763.6259349435568



-------------------------------------------------------------------------------------------------------------
Testing GAT:
Ratio of 0.689
Ratio of 0.709
Ratio of 0.712
Graph: DBLP_test. Budget: 100. Fixed graph size: 1250. Number of nodes: 317020. Number of edges: 1048172
Average ratio was 0.7033, standard error was 0.005787579662214678
Average number of nodes in final in subgraphs: 42371.666666666664 (326.91056654461096). This is a reduction of 86.63438689462284%
Average number of edges in final in subgraphs: 51069.333333333336 (326.91056654461096). This is a reduction of 95.12777165070872%

Multi budget GAT:

-------------------------------------------------------------------------------------------------------------

















